106.28458460930234
105.55862529976744
13.05183560023256
13.05183560023256
-0.5024543000755813
0.35337342133255817
-1.3185802828744186
-1.3185802828744186
-1.1481040815976744
-1.0212390615697675
-0.7839994509976745
-0.7839994509976745
-0.5746462012611628
-0.5416946543623256
-0.4047786637939535
-0.4047786637939535
-0.3054402253304651
-0.2934885299867442
-0.22675080683302326
-0.22675080683302326
-0.1776848832418605
-0.17236693247511628
-0.13769796163953488
-0.13769796163953488
-0.11138723818255815
-0.10867516097441861
-0.08925183858906977
-0.08925183858906977
-0.07406134029697674
-0.07253711146186047
-0.060917483220906975
-0.060917483220906975
-0.051594276340813955
-0.050672990997697676
-0.04333356436506977
-0.04333356436506977
-0.03731712791155814
-0.03672804403855814
-0.03187921469693023
-0.03187921469693023
