3.301930295363636674e+02
1.213794096272727501e+02
5.342683228645454818e+01
2.725679388954545601e+01
1.550465909336363701e+01
9.564890852909092800e+00
6.278448097327273381e+00
4.326855156345454922e+00
3.100658371809091207e+00
2.294036606763636410e+00
1.742880053709091159e+00
1.354079978709090915e+00
1.072274890700000149e+00
8.632054250990909283e-01
7.049286819272728710e-01
5.829632343863636601e-01
4.874978465154546359e-01
4.117292498672727175e-01
3.508417542600000272e-01
3.013628521599999721e-01
